b=-4.0, d=0.2, result is 0.00014491866837491532 and CN=5.428217993943693e+17
b=-3.9285714285714284, d=0.2, result is 0.00014980427129324494 and CN=2.769014190304943e+17
